version: 1
creator: callgrind-3.11.0
pid: 3536
cmd:  ./a.out
part: 1


desc: I1 cache: 
desc: D1 cache: 
desc: LL cache: 

desc: Timerange: Basic block 0 - 15760243
desc: Trigger: Program termination

positions: line
events: Ir
summary: 116476837


ob=(3) /lib/x86_64-linux-gnu/libc-2.23.so
fl=(86) /build/glibc-9tT8Do/glibc-2.23/malloc/malloc.c
fn=(332) malloc
2900 3
+5 2
+1 2
+1 1
+20 3
-20 1
cfi=(87) /build/glibc-9tT8Do/glibc-2.23/malloc/hooks.c
cfn=(334) malloc_hook_ini
calls=1 29 
* 59219

fn=(352) malloc_consolidate
4142 2
4994 4
1806 3
-3 2
+3 378
-3 252
+7 3
+5 1
+2 1
-2 2
-1 3

fn=(350) _int_malloc
3347 3
-30 2
+30 1
-30 4
+30 3
-30 1
+30 3
+4 3
+14 2
+37 2
+44 4
+1 2
+1 2
cfn=(352)
calls=1 4142 
* 651
3817 14
-2 1
+2 1
-2 1
+2 2
5000 1
3815 1
+2 1
5002 1
3817 1
5002 1
3817 3
5002 2
3817 4
5000 2
3467 5
3831 9
3601 2
+73 2
+1 2
+1 2
+1 2
+1 2
+5 2
+4 3
+3 4
-3 3
3790 1
+3 1
-2 2
+2 2
+17 2
3603 3
+3 1
-3 1
+3 3
3446 3
1877 4
3825 3
cfn=(354) sysmalloc
calls=1 2266 
* 249
+1 2

fn=(354)
2266 8
+20 1
+11 1
-11 1
+11 1
+1 5
fi=(88) /build/glibc-9tT8Do/glibc-2.23/malloc/arena.c
488 3
fe=(86)
2313 5
+65 1
+1 3
+10 1
-9 1
+9 5
+6 4
+3 3
2721 2
+1 1
+8 4
+5 1
-3 1
+3 1
-2 1
+2 3
+1 1
-1 1
-1 1
+4 1
-3 2
+1 1
+8 9
2461 1
-8 4
+8 1
+21 5
cfi=(91) /build/glibc-9tT8Do/glibc-2.23/malloc/morecore.c
cfn=(356) __default_morecore
calls=1 46 
* 62
* 1
+1 1
+3 4
+3 2
+1 2
+20 2
+26 2
+2 2
+6 1
-6 1
+6 1
2319 1
2462 1
+10 5
+8 1
-8 1
+8 1
+67 7
+37 2
+6 3
+19 1
+3 2
+1 5
+2 1
-2 1
+2 1
+1 3
cfi=(91)
cfn=(356)
calls=1 46 
* 25
+12 2
+8 1
+1 1
-1 2
+1 2
+39 1
+1 1
-2 1
+1 3
+12 1
-12 1
+1 1
+11 1
2537 5

fl=(80) /build/glibc-9tT8Do/glibc-2.23/stdio-common/printf-parse.h
fn=(314) read_int
73 1000
+12 1000
-12 2000
+2 7000
+18 1000

fl=(82) /build/glibc-9tT8Do/glibc-2.23/libio/iopadn.c
fn=(318) _IO_padn
37 1998
+8 999
-8 3996
+7 1998
+2 999
+1 999
-1 999
+8 4995
+8 1998
+2 4995
cfi=(79) /build/glibc-9tT8Do/glibc-2.23/libio/fileops.c
cfn=(312) _IO_file_xsputn@@GLIBC_2.2.5
calls=999 1287 
* 132033
+4 999
-3 999
+3 5994

fl=(68) /build/glibc-9tT8Do/glibc-2.23/stdlib/cxa_atexit.c
fn=(268) __new_exitfn
73 2
+6 1
-6 1
+6 1
-6 1
+6 4
+2 6
+2 3
-2 1
+10 2
-10 2
+45 1
+1 1
+3 4
+3 5
-21 1
+1 2

fn=(266) __cxa_atexit
57 5
-22 1
+22 1
-22 1
cfn=(268)
calls=1 +38 
* 38
+2 2
+4 1
+3 1
+1 1
-4 2
+2 1
+4 1
+1 1
+11 4

fl=(55) /build/glibc-9tT8Do/glibc-2.23/csu/../csu/init-first.c
fn=(226) _init
52 8
+6 3
+14 1
fi=(57) /build/glibc-9tT8Do/glibc-2.23/csu/../sysdeps/unix/sysv/linux/x86_64/init-first.c
-36 1
fe=(55)
+34 1
+1 1
fi=(57)
-35 3
fe=(55)
+36 1
fi=(57)
-36 3
fi=(56) /build/glibc-9tT8Do/glibc-2.23/csu/../sysdeps/generic/dl-hash.h
+12 3
+14 4
-17 3
+3 9
+14 12
-17 9
fi=(57)
-9 3
+2 2
-2 1
+2 2
cfi=(48) /build/glibc-9tT8Do/glibc-2.23/elf/../sysdeps/unix/sysv/linux/dl-vdso.c
cfn=(182) _dl_vdso_vsym
calls=1 -11 
* 6
+1 2
+5 2
-3 2
+1 1
+2 1
cfi=(48)
cfn=(182)
calls=1 -17 
* 6
fe=(55)
+42 3
fi=(57)
-41 2
+1 1
fe=(55)
+40 1
cfi=(58) /build/glibc-9tT8Do/glibc-2.23/misc/init-misc.c
cfn=(232) __init_misc
calls=1 -55 
* 48
+8 1
cfi=(60) /build/glibc-9tT8Do/glibc-2.23/ctype/ctype-info.c
cfn=(236) __ctype_init
calls=1 -63 
* 16
+5 6
-34 1
-7 1
+7 4
fi=(57)
-25 2
fe=(55)

fl=(63) /build/glibc-9tT8Do/glibc-2.23/elf/dl-altinit.c
fn=(246) dlinit_alt
33 3
+1 1

fl=(52) ???
fn=(196) memcpy@GLIBC_2.2.5
0 11

fl=(87)
fn=(334)
29 4
fi=(88)
260 1
fe=(87)
30 1
fi=(88)
260 1
fe=(87)
30 1
fi=(88)
260 1
fi=(86)
2909 7
+2 3
cfn=(350)
calls=1 3347 
* 1034
+3 1
-3 1
+3 1
+8 4
+2 11
fe=(87)
33 4
fi=(86)
2909 6
+12 1
cfi=(88)
cfn=(338) ptmalloc_init.part.5
calls=1 258 
* 58134
* 1
-15 2
fe=(87)

fl=(69) /build/glibc-9tT8Do/glibc-2.23/setjmp/../sysdeps/x86_64/bsd-_setjmp.S
fn=(284) _setjmp
30 1
+2 1
cfi=(70) /build/glibc-9tT8Do/glibc-2.23/setjmp/../sysdeps/x86_64/setjmp.S
cfn=(286) __sigsetjmp
calls=1 -6 
* 28

fl=(71) /build/glibc-9tT8Do/glibc-2.23/setjmp/sigjmp.c
fn=(288) __sigjmp_save
28 1
+1 1
-1 2
+1 2
+5 3

fl=(48)
fn=(182)
27 8
+4 8
-3 8

fl=(59) /build/glibc-9tT8Do/glibc-2.23/string/../sysdeps/x86_64/strrchr.S
fn=(234) rindex
24 1
+1 1
+1 1
+1 1
+1 1
+1 1
+1 1
+1 1
+1 1
+1 1
+1 1
+1 1
+1 1
+1 1
+1 1
+1 1
+1 1
+1 1
+1 1
+1 1
+1 1
+1 1
+1 1
+1 1

fl=(79)
fn=(444) _IO_file_sync@@GLIBC_2.2.5
868 1
+5 1
-5 1
+5 3
+2 1
+1 2
+17 2
+4 2

fn=(370) _IO_file_write@@GLIBC_2.2.5
1258 1002
-2 6012
+2 4008
+4 2004
+1 2004
+10 3006
+3 6012
-13 4008
cfi=(95) /build/glibc-9tT8Do/glibc-2.23/io/../sysdeps/unix/syscall-template.S
cfn=(372) write
calls=1002 84 
* 7014
+1 2004
+5 1002
+1 1002
-12 5010

fn=(320) _IO_file_overflow@@GLIBC_2.2.5
808 3033
+7 1011
-8 5055
+8 5051
+35 2022
+3 2012
+3 3018
+1 3018
+1 4024
+4 1006
+1 4024
-45 2
+12 2
+9 4
+8 1
-4 1
+3 2
-2 2
-3 1
+1 2
+5 1
-1 1
+1 3
+1 2
+12 998
-1 3992
cfn=(364) _IO_do_write@@GLIBC_2.2.5
calls=998 494 
* 93812
* 1996
-8 10
+12 15
-12 5
cfn=(364)
calls=5 494 
* 380
-31 2
cfi=(83) /build/glibc-9tT8Do/glibc-2.23/libio/genops.c
cfn=(322) _IO_doallocbuf
calls=1 395 
* 59330
+1 6

fn=(326) _IO_file_stat
1229 1
+1 3
cfi=(85) /build/glibc-9tT8Do/glibc-2.23/io/../sysdeps/unix/sysv/linux/wordsize-64/fxstat.c
cfn=(328) _fxstat
calls=1 34 
* 10

fn=(440) _IO_file_setbuf@@GLIBC_2.2.5
450 2
+1 1
cfi=(83)
cfn=(442) _IO_default_setbuf
calls=1 +71 
* 51
* 2
+4 2
-1 2
+2 3
+2 1
+1 2

fn=(364)
494 3009
+1 1
-3 8016
+11 2004
+7 4008
+8 5010
cfn=(370)
calls=1002 1258 
* 44088
* 1002
+1 5010
+6 1002
-4 1002
+4 1002
-4 3006
+1 2004
+3 1002
-2 1002
-29 4008
+1 6012
+29 2004

fn=(312)
1287 317626
-1 635252
-6 1075460
+13 430184
+17 4
+4 107545
+5 430180
cfi=(94) /build/glibc-9tT8Do/glibc-2.23/string/../sysdeps/x86_64/memcpy.S
cfn=(368) __GI_mempcpy
calls=107545 61 
* 1943442
* 107545
+6 107545
-1 107545
+1 215090
+2 215090
+27 215092
+1 1070448
-24 5
cfn=(320)
calls=1 808 
* 59384
* 2
+6 10
+1 15
+2 15
+11 10
+1 8
cfi=(83)
cfn=(366) _IO_default_xsputn
calls=2 425 
* 444
* 4
-57 322635
+1 215090
+3 322635
+2 334659
-2 438178
+39 20
-35 4
+11 20
+17 16
cfn=(320)
calls=4 808 
* 464
* 8

fl=(76) /build/glibc-9tT8Do/glibc-2.23/stdio-common/printf.c
fn=(306) printf
28 844328
+4 105541
+1 211082
-1 527705
+1 316623
cfi=(77) /build/glibc-9tT8Do/glibc-2.23/stdio-common/vfprintf.c
cfn=(308) vfprintf
calls=105541 1236 
* 49750309
+4 211082

fl=(104) /build/glibc-9tT8Do/glibc-2.23/posix/../sysdeps/unix/sysv/linux/_exit.c
fn=(446) _Exit
27 2
+4 1
+2 2

fl=(58)
fn=(232)
31 2
-1 3
+1 4
+2 3
cfi=(59)
cfn=(234)
calls=1 -9 
* 24
+4 5
+1 3
+2 4

fl=(85)
fn=(328)
34 1
-1 1
+1 1
+1 6
+4 1

fl=(67) /build/glibc-9tT8Do/glibc-2.23/csu/../csu/libc-start.c
fn=(264) (below main)
134 7
+4 1
-4 3
+4 3
+82 1
-82 1
+82 1
+1 4
cfi=(68)
cfn=(266)
calls=1 57 
* 60
+22 4
+3 2
+1 5
cob=(5) /home/na1n/Git/SP/a.out
cfi=(64) ???
cfn=(270) __libc_csu_init
calls=1 0 
* 56
+4 4
+15 2
+12 2
cfi=(69)
cfn=(284)
calls=1 30 
* 30
+1 2
+5 2
+1 2
+3 2
+3 6
cob=(5)
cfi=(72) /home/na1n/Git/SP/hw2.c
cfn=(290) main
calls=1 11 
* 116384027
+34 2
cfi=(99) /build/glibc-9tT8Do/glibc-2.23/stdlib/exit.c
cfn=(394) exit
calls=1 104 
* 897
138 2

fl=(88)
fn=(338)
258 6
+13 1
-8 1
+8 1
+6 3
+2 5
+16 2
-56 68
-18 207
+2 136
+1 8
+1 2
340 2
+6 2
+1 2
+2 1
+1 7
-78 5
cfi=(89) /build/glibc-9tT8Do/glibc-2.23/elf/dl-addr.c
cfn=(340) _dl_addr
calls=1 126 
* 57669
* 2
+1 4

fl=(77)
fn=(308)
1236 844328
+31 316623
+8 316624
+4 527705
+11 527705
+11 105541
fi=(80)
108 316623
fe=(77)
1316 105541
-15 527705
fi=(80)
108 105541
cfi=(78) /build/glibc-9tT8Do/glibc-2.23/string/../sysdeps/x86_64/strchr.S
cfn=(310) strchrnul
calls=105541 -84 
* 2110820
fe=(77)
1316 105541
fi=(80)
108 105541
fe=(77)
1312 105541
+4 211082
+4 844328
cfi=(79)
cfn=(312)
calls=105541 -33 
* 422672
* 422164
1685 527705
+3 105541
+1 844328
1275 211080
+41 633246
+1 1477574
1685 527705
+1 211082
1320 211082
+4 105541
-4 105541
+4 211082
+4 1266492
1552 211082
-21 211082
1632 211082
-1 211082
1370 1583145
-7 105543
-1 105543
-3 105543
-1 105543
+8 105543
+4 105543
-3 105543
-10 105543
-1 105543
-1 105543
-1 105543
-1 105543
+14 105543
-15 105543
-1 105543
-1 105543
-1 105543
+18 211086
1649 105543
+2 211086
+8 105543
fi=(80)
108 211086
fe=(77)
1659 105543
fi=(80)
108 105543
fe=(77)
1659 105543
fi=(80)
108 211086
cfi=(78)
cfn=(310)
calls=105543 -84 
* 2110860
fe=(77)
1663 105543
-4 105543
+4 1160973
cfi=(79)
cfn=(312)
calls=105543 1287 
* 504793
* 1372059
+2 316627
-34 5244321
cfi=(82)
cfn=(318)
calls=999 37 
* 164001
* 962874
cfi=(79)
cfn=(312)
calls=105543 1287 
* 7612176
* 1055430
+1 211086
-1 1266516
cfi=(81) /build/glibc-9tT8Do/glibc-2.23/stdio-common/_itoa.c
cfn=(316) _itoa_word
calls=105543 168 
* 2344698
* 3425644
1396 4000
+1 1000
-1 1000
+1 14000
1588 6000
+43 1667778
1489 4000
cfi=(80)
cfn=(314)
calls=1000 73 
* 12000
+2 1000
-2 1000
+2 3000
+8 3000
+18 4000
+3 12000

fl=(92) /build/glibc-9tT8Do/glibc-2.23/misc/sbrk.c
fn=(358) sbrk
34 2
+8 2
-8 6
+8 9
+4 4
+4 6
+12 5
-19 2
cfi=(93) /build/glibc-9tT8Do/glibc-2.23/misc/../sysdeps/unix/sysv/linux/x86_64/brk.c
cfn=(360) brk
calls=1 -12 
* 12
* 4
+15 2
cfi=(93)
cfn=(360)
calls=1 -27 
* 12
* 2
+4 5

fl=(96) /build/glibc-9tT8Do/glibc-2.23/libio/putchar.c
fn=(382) putchar
25 998
+2 998
-2 998
+2 16966
+1 2994
fi=(97) /build/glibc-9tT8Do/glibc-2.23/libio/libioP.h
866 1996
+1 7984
fe=(96)
31 2994
-3 1996
cfi=(83)
cfn=(384) __overflow
calls=998 230 
* 139720
* 1996

fl=(102) /build/glibc-9tT8Do/glibc-2.23/stdlib/cxa_finalize.c
fn=(422) __cxa_finalize
31 4
+17 1
-17 4
+4 4
+4 6
-4 3
+32 4
+4 6
-4 3
+12 2
+3 1
-2 1
+2 6
-2 1
cfi=(103) /build/glibc-9tT8Do/glibc-2.23/nptl/unregister-atfork.c
cfn=(424) __unregister_atfork
calls=1 -52 
* 10

fl=(78)
fn=(310)
24 211084
+1 211084
+1 211084
+1 211084
+1 211084
+1 211084
+1 211084
+1 211084
+1 211084
+1 211084
+1 211084
+1 211084
+1 211084
+1 211084
+1 211084
+1 211084
+1 211084
+1 211084
+2 211084
+7 211084

fl=(49) /build/glibc-9tT8Do/glibc-2.23/string/../sysdeps/x86_64/multiarch/strcspn.S
fn=(188) strpbrk
45 1
+1 1
+1 1
+1 1
+1 1
+1 1

fn=(184) strcspn
45 1
+1 1
+1 1
+1 1
+1 1
+1 1

fl=(93)
fn=(360)
31 16
+8 2
-6 4
+7 2

fl=(74) /build/glibc-9tT8Do/glibc-2.23/string/../sysdeps/x86_64/multiarch/memset.S
fn=(298) memset
28 1
+1 1
+1 1
+1 1
+1 1
+2 1
+1 1
+5 1

fl=(61) /build/glibc-9tT8Do/glibc-2.23/string/../sysdeps/x86_64/cacheinfo.c
fn=(242) intel_check_word
133 8
+6 4
-7 20
+7 16
-7 4
+7 4
+2 4
-2 4
+2 4
+68 8
+3 24
-69 4
+2 8
-2 6
+2 12
+8 20
+51 16
+22 8
fi=(62) /build/glibc-9tT8Do/glibc-2.23/string/../bits/stdlib-bsearch.h
27 8
+1 16
+3 16
+1 8
fe=(61)
+89 16
fi=(62)
-90 12
+1 6
fe=(61)
+89 12
+3 54
fi=(62)
-95 44
+2 44
-2 44
+2 80
+1 40
fe=(61)
+89 80
251 8
141 16
-6 2
256 24
fi=(62)
37 10
-8 24
fe=(61)
165 6
+3 6
+4 4
+2 4
+1 14
+2 7
-12 2
+12 2
+1 10
+1 10
+1 6
+17 3
-32 9
+3 9
+4 6
+2 6
+1 12
+2 12
+5 2
+2 4
+2 32

fn=(238) init_cacheinfo
482 2
+12 1
-12 3
+12 3
+2 4
cfn=(240) handle_intel
calls=1 262 
* 455
+4 2
-4 1
+4 1
cfn=(240)
calls=1 262 
* 547
+2 1
-2 1
-1 1
+3 1
+9 2
+2 1
+1 1
+2 1
+5 2
+9 4
-9 4
+9 16
-9 12
+6 8
+69 4
+1 5
+55 2
+2 1
+1 1
+2 1
-3 1
+5 1
-5 1
+4 3
+4 2
+2 1
+1 1
+2 1
-3 1
+5 1
-5 1
+4 2
+3 1
-3 1
+3 5
532 1
+32 1
-26 6
+7 5
+2 1
+1 1
+1 2
-4 4
+2 1
+1 1
+1 6
+2 2
-6 2
+6 2
+5 1
+2 2
+1 1
-1 1
+1 3
+6 1
-1 1
+1 5

fn=(240)
262 4
-1 4
+17 2
-17 12
+14 2
+1 4
-3 6
+23 8
cfn=(242)
calls=2 133 
* 666
+1 4
+3 10
cfn=(242)
calls=2 133 
* 238
+1 4
-17 4
+5 2
-5 6
+5 2
+2 2
+1 2
-1 4
+27 16

fl=(84) /build/glibc-9tT8Do/glibc-2.23/libio/filedoalloc.c
fn=(324) _IO_file_doallocate
95 5
+15 6
cfi=(79)
cfn=(326)
calls=1 1229 
* 14
* 2
+2 4
+11 3
+4 2
cob=(2) ???
cfi=(16) ???
cfn=(330) 0x0000000004c498a0
calls=1 0 
* 59232
* 1
+2 1
-1 2
+2 4
cfi=(83)
cfn=(362) _IO_setb
calls=1 380 
* 18
+1 1
+1 5
-15 1
-2 9
+5 2

fl=(103)
fn=(424)
28 4
+8 1
+3 2
+82 3

fl=(46) /build/glibc-9tT8Do/glibc-2.23/time/../sysdeps/unix/sysv/linux/x86/time.c
fn=(178) time
38 1
-1 1
+1 6
fi=(47) /build/glibc-9tT8Do/glibc-2.23/time/../sysdeps/generic/dl-hash.h
+10 3
+14 4
-17 3
+3 9
+14 12
-17 9
fe=(46)
-7 3
+3 2
-3 1
+3 1
cfi=(48)
cfn=(182)
calls=1 -14 
* 6
+1 3
+1 2

fl=(45) /build/glibc-9tT8Do/glibc-2.23/string/../sysdeps/x86_64/multiarch/strcmp.S
fn=(176) strcasecmp
109 1
+1 1
+1 1
+1 1
+10 1

fn=(186) strncasecmp
129 1
+1 1
+1 1
+1 1
+10 1

fl=(94)
fn=(368)
61 107545
+4 107545
+3 107545
+1 107545
+2 107363
+1 107363
+2 107363
+1 107363
+5 107363
+1 107363
-1 182
+1 182
+2 2088
+1 2088
+2 2088
+1 2088
+5 2088
+1 2088
-1 105457
+1 105457
+2 2
+1 2
+2 2
+1 2
+5 2
+1 2
-1 107543
+1 107543
+11 107545
+1 107545
+21 107545
+4 107545

fl=(81)
fn=(316)
168 422172
+2 211086
+9 1500354
+9 211086

fl=(51) /build/glibc-9tT8Do/glibc-2.23/time/../sysdeps/unix/sysv/linux/x86/gettimeofday.c
fn=(192) gettimeofday
37 1
-1 1
+1 6
fi=(47)
+11 3
+14 4
-17 3
+3 9
+14 12
-17 9
fe=(51)
-8 3
+3 2
-3 1
+3 1
cfi=(48)
cfn=(182)
calls=1 -13 
* 6
+1 3
+1 2

fl=(83)
fn=(436) _IO_cleanup
948 2
+3 1
-3 2
-50 1
+50 1
+3 1
cfn=(438) _IO_flush_all_lockp
calls=1 760 
* 90
-63 1
+63 1
-63 2
+10 3
+8 5
+2 2
+2 1
+1 1
-1 1
+2 2
+3 5
cfi=(79)
cfn=(440)
calls=1 450 
* 66
+2 3
+4 2
+7 3
-40 9
+2 6
+2 7
+6 12
+65 7
-42 3
+1 8

fn=(442)
522 4
+1 1
-1 2
+1 1
cfi=(79)
cfn=(444)
calls=1 868 
* 13
* 2
+9 1
-7 1
+7 1
-7 1
388 1
-5 1
+1 1
+4 1
535 1
+2 1
-2 2
+1 3
+2 4
381 1
527 1
+1 1
-1 1
+1 1
381 4

fn=(366)
425 4
-3 20
+8 40
+25 60
cfi=(79)
cfn=(320)
calls=8 808 
* 264
* 16
+2 8
-2 16
+4 2
+1 2
-1 2
+1 10

fn=(438)
760 8
+6 3
+11 2
+16 2
-17 2
-1 2
+1 3
-1 1
+1 1
+3 9
+10 6
+4 3
-2 3
+2 6
+7 3
-27 6
+31 2
+2 2
+4 9
-38 1
-6 1
+5 1
+2 2
+6 12

fn=(362)
380 3
+1 4
+3 1
+2 4
-3 1
+3 2
+3 3

fn=(322)
395 2
-1 3
+3 4
+1 3
cfi=(84)
cfn=(324)
calls=1 95 
* 59312
* 2
+3 4

fn=(384)
230 2994
+2 2994
cfi=(79)
cfn=(320)
calls=998 808 
* 133732

fl=(95)
fn=(372)
84 2004
cfn=(374) __write_nocancel
calls=1002 * 
* 5010

fn=(374)
84 5010

fl=(89)
fn=(340)
126 9
+5 1
-5 2
+5 2
cob=(1) /lib/x86_64-linux-gnu/ld-2.23.so
cfi=(2) /build/glibc-9tT8Do/glibc-2.23/elf/rtld.c
cfn=(50) rtld_lock_default_lock_recursive
calls=1 688 
* 2
+2 2
cob=(1)
cfi=(65) /build/glibc-9tT8Do/glibc-2.23/elf/../sysdeps/x86_64/dl-trampoline.h
cfn=(259) _dl_runtime_resolve_avx'2
calls=1 -69 
* 1190
* 5
+2 2
30 1
+1 1
-1 1
+1 1
+3 2
+5 1
+6 1
-7 1
+2 2
+2 1
-2 1
+2 1
+3 1
+5 8
+2 1
+1 2
-1 1010
+1 2020
+2 3628
+9 2010
+7 24
-2 24
+2 2259
-2 2211
+2 5750
-10 11175
+2 8940
+1 14318
+7 1011
-21 2022
+49 3
+1 1
+1 3
+3 2
+37 2
cob=(1)
cfi=(2)
cfn=(52) rtld_lock_default_unlock_recursive
calls=1 694 
* 2
+3 9
-28 1
+1 1
+21 2

fl=(60)
fn=(236)
31 5
+2 1
+2 1
-4 1
+4 1
-4 1
+2 3
+2 3

fl=(70)
fn=(286)
26 1
+9 1
+1 2
+1 1
+4 1
+1 1
+1 1
+1 1
+1 1
+2 2
+2 1
+1 1
+1 1
+2 2
+2 1
+9 1
cfi=(71)
cfn=(288)
calls=1 -36 
* 9

fl=(50) /build/glibc-9tT8Do/glibc-2.23/string/../sysdeps/x86_64/multiarch/strspn.S
fn=(190) strspn
30 1
+1 1
+1 1
+1 1
+1 1
+1 1

fl=(91)
fn=(356)
46 2
+1 2
cfi=(92)
cfn=(358)
calls=2 -13 
* 73
+1 6
+4 4

fl=(75) /build/glibc-9tT8Do/glibc-2.23/string/../sysdeps/x86_64/multiarch/memset-avx2.S
fn=(300) __memset_avx2
38 2
+1 2
+1 2
+1 2
+1 2
+1 2
+1 2
+1 2
+1 2
+86 2
+1 2
+1 2
+1 2
+1 2
+1 2
+1 2
+1 2
+2 62
+1 62
+1 62
+1 62
+1 62
+1 62
+1 62
+1 2
+1 2
+1 2
+1 2
+1 2
+1 2
+1 2
+1 2

fl=(99)
fn=(394)
104 1
-1 1
+1 2
cfn=(396) __run_exit_handlers
calls=1 -69 
* 893

fn=(396)
35 8
+5 1
cfi=(100) /build/glibc-9tT8Do/glibc-2.23/stdlib/cxa_thread_atexit_impl.c
cfn=(398) __call_tls_dtors
calls=1 145 
* 11
* 1
+6 8
+4 6
+3 1
-1 1
+2 5
+33 1
+1 1
-1 1
+1 1
+6 2
+1 5
cfi=(83)
cfn=(436)
calls=1 948 
* 248
* 3
+2 2
cfi=(104)
cfn=(446)
calls=1 -70 
* 5
-19 1
+4 1
-4 1
+2 1
+2 1
-2 2
+2 1
cob=(1)
cfi=(101) /build/glibc-9tT8Do/glibc-2.23/elf/dl-fini.c
cfn=(400) _dl_fini
calls=1 +48 
* 573
+1 1

fl=(98) /build/glibc-9tT8Do/glibc-2.23/posix/../sysdeps/unix/sysv/linux/getpid.c
fn=(392) getpid
55 1
+1 1
-1 1
+1 1
-26 1
+2 1
+1 2
+5 3
+4 2
+1 1
+17 1

fl=(100)
fn=(398)
145 3
+1 4
+18 4

ob=(2)
fl=(16)
fn=(272) 0x00000000004004d0
0 6

fn=(412) 0x0000000000400964
0 3

fn=(84) 0x0000000004000ab0
0 1
cob=(1)
cfi=(17) /build/glibc-9tT8Do/glibc-2.23/elf/dl-minimal.c
cfn=(86) free
calls=1 120 
0 6

fn=(214) 0x0000000004a28530
0 6

fn=(420) 0x0000000004a28570
0 1
cob=(3)
cfi=(102)
cfn=(422)
calls=1 31 
0 56

fn=(434) 0x0000000004a287b8
0 3

fn=(330)
0 1
cob=(3)
cfi=(86)
cfn=(332)
calls=1 2900 
0 59231

ob=(4) /usr/lib/valgrind/vgpreload_core-amd64-linux.so
fl=(54) ???
fn=(218) 0x0000000000000650
0 17

fn=(414) 0x0000000000000610
0 8
cob=(2)
cfi=(16)
cfn=(420)
calls=1 0 
0 57
0 1
cfn=(428) 0x0000000000000580
calls=1 0 
0 9
0 3

fn=(428)
0 9

ob=(1)
fl=(34) /build/glibc-9tT8Do/glibc-2.23/elf/dl-misc.c
fn=(106) _dl_name_match_p
288 195
+1 78
cfi=(19) /build/glibc-9tT8Do/glibc-2.23/string/../sysdeps/x86_64/multiarch/../strcmp.S
cfn=(54) strcmp
calls=39 144 
* 1588
* 39
+1 39
-1 39
+3 39
+2 78
+4 40
-4 80
+1 129
cfi=(19)
cfn=(54)
calls=43 144 
* 1851
* 86
-5 3
+11 51
-1 36
+1 144

fn=(142) _dl_sysdep_read_whole_file
45 2
+7 1
-7 3
+7 1
-7 3
+7 1
cfi=(24) /build/glibc-9tT8Do/glibc-2.23/io/../sysdeps/unix/syscall-template.S
cfn=(110) open
calls=1 +32 
* 5
+1 2
+2 5
cfi=(36) /build/glibc-9tT8Do/glibc-2.23/io/../sysdeps/unix/sysv/linux/wordsize-64/fxstat.c
cfn=(120) _fxstat
calls=1 -21 
* 10
* 2
+2 1
+3 1
-3 1
+3 1
+13 2
cfi=(24)
cfn=(130) close
calls=1 +11 
* 5
+3 7
-14 6
cfi=(26) /build/glibc-9tT8Do/glibc-2.23/misc/../sysdeps/unix/sysv/linux/wordsize-64/mmap.c
cfn=(72) mmap
calls=1 -29 
* 33
* 2

fl=(15) /build/glibc-9tT8Do/glibc-2.23/elf/dl-object.c
fn=(32) _dl_new_object
61 42
+1 3
cfi=(11) /build/glibc-9tT8Do/glibc-2.23/string/../sysdeps/x86_64/strlen.S
cfn=(22) strlen
calls=3 +4 
* 66
+6 3
-6 6
+6 6
+7 12
cfi=(17)
cfn=(36) calloc
calls=3 +28 
* 120
* 3
+3 3
-3 3
+3 3
+4 3
+5 6
-6 3
+6 3
-5 3
+3 6
+2 3
cfi=(18) /build/glibc-9tT8Do/glibc-2.23/string/../sysdeps/x86_64/multiarch/../memcpy.S
cfn=(46) memcpy
calls=3 -26 
* 88
+10 3
-10 3
+10 3
-8 3
+9 6
-1 9
+1 9
+3 3
-4 3
+1 3
+3 3
+9 3
-7 3
+4 3
+3 9
+2 2
-2 2
+2 30
-2 30
+12 3
+6 3
-5 3
-1 3
+6 15
+2 2
+3 2
-3 2
+3 2
-3 4
+7 6
+4 4
+2 5
+6 1
+6 1
-3 2
+3 4
-3 4
+3 4
+2 6
cfi=(11)
cfn=(22)
calls=2 -91 
* 68
+4 2
-4 8
+4 6
+64 4
+4 24
68 30
+34 8
+39 8
+70 6
cfi=(25) /build/glibc-9tT8Do/glibc-2.23/string/../sysdeps/x86_64/memcpy.S
cfn=(70) mempcpy
calls=2 61 
* 71
* 42
+6 40
-1 40
+1 42
-1 2
+1 6
+5 4
-89 2
+32 4
cfi=(17)
cfn=(40) malloc
calls=2 -71 
* 58
* 2
+1 2
-1 2
+1 6
+2 1
-35 2

fn=(48) _dl_add_to_namespace_list
32 15
+2 6
cfi=(2)
cfn=(50)
calls=3 688 
* 6
+2 3
-2 3
+2 19
+3 15
+2 2
+2 2
+4 2
+4 2
-4 4
+1 2
+4 4
-4 2
+1 2
+3 2
-3 2
+2 2
cfi=(2)
cfn=(52)
calls=2 694 
* 4
-4 1
+4 1
-4 2
+1 1
+4 2
-4 1
+1 1
+3 1
-3 1
+2 1
cfi=(2)
cfn=(52)
calls=1 694 
* 2
-5 2

fl=(44) /build/glibc-9tT8Do/glibc-2.23/elf/dl-reloc.c
fn=(164) _dl_relocate_object
149 40
+15 4
-15 8
+15 4
+1 24
+6 8
+6 12
-18 8
+22 8
+7 4
-32 4
+32 4
+44 4
fi=(5) /build/glibc-9tT8Do/glibc-2.23/elf/../sysdeps/x86_64/dl-machine.h
76 12
fe=(44)
232 8
fi=(5)
76 12
+6 6
+4 9
+14 3
-8 3
+10 3
-2 6
+20 6
+9 3
fe=(44)
258 164
-98 18
fi=(5)
301 24
fe=(44)
-43 3
fi=(4) /build/glibc-9tT8Do/glibc-2.23/elf/do-rel.h
58 3
-10 3
-1 6
+11 3
-11 3
+11 3
fe=(44)
258 1
-98 6
fi=(5)
301 8
fe=(44)
-43 1
fi=(4)
58 1
-10 1
-1 2
+11 1
-11 1
+11 1
fe=(44)
258 4
fi=(4)
58 4
-10 4
-1 8
+11 4
-11 4
+11 4
+3 15
fi=(5)
528 24
+4 24
+2 36
+1 12
fi=(4)
61 57
+2 80
+2 26
-4 3
+13 6
+1 5
+1 16
fi=(5)
528 8
+26 8
fi=(4)
75 8
fi=(5)
554 16
cob=(3)
cfi=(52)
cfn=(196)
calls=1 0 
* 11
cob=(3)
cfi=(51)
cfn=(192)
calls=1 37 
* 66
cob=(3)
cfi=(50)
cfn=(190)
calls=1 30 
* 6
cob=(3)
cfi=(49)
cfn=(188)
calls=1 45 
* 6
cob=(3)
cfi=(45)
cfn=(186)
calls=1 129 
* 5
cob=(3)
cfi=(49)
cfn=(184)
calls=1 45 
* 6
cob=(3)
cfi=(46)
cfn=(178)
calls=1 38 
* 66
cob=(3)
cfi=(45)
cfn=(176)
calls=1 109 
* 5
fi=(4)
75 8
fi=(5)
555 8
fi=(4)
75 11
fe=(44)
258 2
fi=(4)
75 14
fe=(44)
258 14
+3 16
+24 4
+3 8
+17 12
+2 32
fi=(4)
84 5
-1 5
+3 10
-3 5
+3 5
+12 15
+10 6
+3 8
fi=(5)
512 2
fi=(4)
112 4
fi=(5)
512 1194
fi=(4)
112 2380
fi=(5)
512 2380
+5 2384
+1 2384
fi=(4)
111 2384
fi=(5)
518 1192
fi=(4)
111 1192
+7 15
+6 4
-3 8
+3 10
fi=(5)
447 9
fi=(4)
127 368
+9 184
+3 92
-3 92
+3 92
fi=(5)
269 92
fi=(4)
138 92
-2 92
+1 368
fi=(5)
269 92
+21 184
+4 184
+7 1755
fi=(4)
137 75
fi=(5)
301 150
fi=(4)
137 75
fi=(5)
301 75
fi=(4)
137 75
fi=(5)
301 1200
cfi=(6) /build/glibc-9tT8Do/glibc-2.23/elf/dl-lookup.c
cfn=(170) _dl_lookup_symbol_x
calls=75 806 
* 41832
* 600
+2 234
+3 90
-3 180
+3 270
+6 552
fe=(44)
178 8
fi=(5)
435 234
fi=(4)
124 282
+19 6
fi=(5)
301 54
fi=(4)
108 3
fi=(5)
407 42
+4 70
+14 70
fe=(44)
313 20
+3 4
-3 8
+3 4
+4 8
+1 16
cfi=(38) /build/glibc-9tT8Do/glibc-2.23/misc/../sysdeps/unix/syscall-template.S
cfn=(124) mprotect
calls=4 84 
* 20
* 12
fi=(5)
123 15
+6 12
fe=(44)
258 3
fi=(4)
129 8
fi=(5)
301 87
fi=(4)
160 7
+2 20
+8 10
+1 5
-1 5
+1 5
fi=(5)
+98 5
fi=(4)
-99 15
fi=(5)
+99 5
+21 10
+4 10
+7 180
cfi=(6)
cfn=(170)
calls=5 806 
* 2409
* 35
+2 15
+3 1
-3 2
+3 3
+6 30
435 15
fi=(4)
160 17
+14 2
fi=(5)
301 6
fe=(44)

fl=(101)
fn=(400)
130 8
+17 1
+3 15
+3 2
cfi=(2)
cfn=(50)
calls=1 688 
* 2
+2 1
+3 2
+2 6
+8 1
-3 1
+3 8
+7 8
+2 8
+2 4
+1 4
+5 4
-6 4
-6 4
+8 4
-8 9
+14 9
+1 2
+4 1
31 1
+2 1
192 1
33 1
+6 1
-1 1
+2 1
-2 2
+1 8
+1 1
cfi=(27) /build/glibc-9tT8Do/glibc-2.23/string/../sysdeps/x86_64/multiarch/../memset.S
cfn=(74) memset
calls=1 +13 
* 15
* 1
+77 15
+3 16
cfi=(27)
cfn=(74)
calls=2 -67 
* 37
* 6
-76 9
+1 9
+4 12
+6 6
+1 6
+2 15
+1 7
+2 9
+1 6
201 3
cfi=(2)
cfn=(52)
calls=1 694 
* 2
+5 3
81 4
208 1
+2 3
-2 3
+2 9
+3 8
+3 12
+4 4
+9 2
+3 2
-3 2
+3 4
+2 8
+1 4
cob=(4)
cfi=(54)
cfn=(414)
calls=1 0 
* 78
cob=(5)
cfi=(64)
cfn=(402) 0x0000000000400620
calls=1 0 
* 16
-1 8
+5 4
+1 6
cob=(2)
cfi=(16)
cfn=(434)
calls=1 0 
* 3
cob=(2)
cfi=(16)
cfn=(412)
calls=1 0 
* 3
+6 24
+16 8
-56 11
+11 6
92 9
+21 3
-57 8
268 4
+2 1
-2 2
+6 2
+7 8

fl=(38)
fn=(124)
84 24
+1 6

fn=(206) munmap
84 4
+1 1

fl=(17)
fn=(80) strsep
354 8
+2 4
+1 8
+4 132
+7 366
-2 244
+13 2
+4 4
-7 61
-15 187

fn=(44) __libc_memalign
52 66
+1 87
+11 63
+3 21
-3 21
+3 42
-3 3
+3 1
-3 1
+3 78
+4 12
+1 6
+6 24
cfi=(26)
cfn=(72)
calls=3 -45 
* 99
+2 15
+4 9
+3 3
+1 3
+2 15
-3 19
+1 19
+2 95
-31 2
-1 5

fn=(36)
103 8
+8 24
-4 8
+4 16
+3 8
cfn=(40)
calls=8 -20 
* 289
* 8

fn=(86)
120 1
+2 3
+7 2

fn=(40)
94 21
+1 42
cfn=(44)
calls=21 -43 
* 633
* 21

fl=(1) ???
fn=(0) 0x0000000000000cc0
0 2
cfi=(2)
cfn=(2) _dl_start
calls=1 337 
0 89047
0 14
cfi=(53) /build/glibc-9tT8Do/glibc-2.23/elf/dl-init.c
cfn=(210) _dl_init
calls=1 80 
0 1610
0 3
cob=(5)
cfi=(64)
cfn=(250) _start
calls=1 0 
0 116386161

fl=(25)
fn=(70)
61 17
+4 17
+3 16
+1 16
+2 7
+1 7
+2 7
+1 7
+5 7
+1 7
-1 9
+1 9
+2 10
+1 10
+2 10
+1 10
+5 10
+1 10
-1 6
+1 6
+2 5
+1 5
+2 5
+1 5
+5 5
+1 5
-1 11
+1 11
+2 7
+1 7
+2 7
+1 14
+5 7
+1 7
-1 9
+1 11
+5 2
+1 2
+1 2
+1 2
+2 2
+2 2
+1 2
+2 2
+6 16
+4 16
+12 2
+2 2
+1 2
+26 2
+1 2
+3 2
+1 2
+1 2
+5 2
+2 2
+1 2
+1 2
+1 2
+2 2
+1 2
+1 2
+1 2
+2 2
+1 2
+2 2
+22 2
+2 2
+2 1
+7 1

fl=(7) /build/glibc-9tT8Do/glibc-2.23/elf/../elf/dl-sysdep.c
fn=(202) _dl_sysdep_start_cleanup
256 1

fn=(12) _dl_sysdep_start
86 8
+25 1
-1 1
+1 213
+6 1
-3 1
+1 1
-4 1
+3 1
+3 4
+1 2
-1 25
+1 105
-1 102
+62 1
+1 1
-1 1
+1 1
-29 1
+1 2
+11 1
+1 1
-1 1
+1 1
-7 1
+1 1
-1 1
+1 1
-4 1
+1 2
-25 1
+1 2
-4 1
+1 2
-7 1
+1 1
+2 1
+1 1
fi=(9) /build/glibc-9tT8Do/glibc-2.23/elf/../sysdeps/unix/sysv/linux/dl-sysdep.c
-90 2
cfi=(10) /build/glibc-9tT8Do/glibc-2.23/elf/../sysdeps/unix/sysv/linux/x86_64/brk.c
cfn=(18) brk
calls=1 -4 
* 11
fi=(5)
223 5
fi=(8) /build/glibc-9tT8Do/glibc-2.23/elf/../sysdeps/x86/cpu-features.c
61 2
+3 1
-3 1
+3 9
175 3
+1 1
+3 2
+1 1
+2 2
+1 7
+7 3
+4 2
+2 4
+51 2
fe=(7)
-16 1
fi=(8)
+27 1
+1 1
+1 1
fe=(7)
-29 1
+1 1
cfi=(11)
cfn=(22)
calls=1 66 
* 32
* 1
+2 2
cfi=(12) /build/glibc-9tT8Do/glibc-2.23/elf/../misc/sbrk.c
cfn=(24) sbrk
calls=1 34 
* 17
* 3
+12 3
+3 5
cfi=(2)
cfn=(26) dl_main
calls=1 738 
* 87706
+1 1
+1 8
fi=(8)
-4 2
+1 2
+4 2
-52 2
+1 1
+6 3
+2 1
+3 3
+16 2
+1 1
+2 2
29 2
+4 1
-4 1
+5 1
-1 1
+2 1
-1 1
+1 1
-2 1
+1 1
+1 1
+1 1
-7 2
+3 1
+4 1
+5 1
+32 2
-32 1
+27 1
+5 1
+3 1
+1 8
+57 2
-66 2
+44 2
248 2
+3 2
fe=(7)

fl=(22) /build/glibc-9tT8Do/glibc-2.23/elf/dl-load.c
fn=(114) _dl_map_object_from_fd
871 22
+10 2
-10 2
+10 2
-10 6
+10 2
cfi=(30) /build/glibc-9tT8Do/glibc-2.23/elf/dl-debug.c
cfn=(88) _dl_debug_initialize
calls=2 50 
* 16
fi=(35) /build/glibc-9tT8Do/glibc-2.23/elf/../sysdeps/posix/dl-fileid.h
37 6
fe=(22)
881 2
fi=(35)
37 2
cfi=(36)
cfn=(120)
calls=2 -3 
* 20
* 4
+4 2
fe=(22)
897 2
fi=(35)
40 2
+1 2
fe=(22)
897 29
+1 10
fi=(35)
49 10
fe=(22)
1443 16
915 4
+24 4
+10 4
+22 8
+32 4
882 2
1006 14
cfi=(15)
cfn=(32)
calls=2 61 
* 831
+1 2
-1 2
+1 2
+11 4
+1 2
-1 2
+2 2
-1 2
+4 2
-1 4
-2 2
+2 4
+1 6
+1 2
+19 2
-2 2
+10 2
-8 12
+8 2
-8 6
+8 2
+87 2
+8 2
-8 8
+8 2
-8 6
-86 32
-1 136
+1 95
+6 4
+1 6
+1 2
+9 20
+5 32
+9 12
-1 12
+1 4
+1 8
+2 4
-2 4
+1 4
-1 4
+3 4
+4 4
-7 4
+2 4
+1 4
+4 4
+1 12
+4 6
-14 2
+14 12
+11 2
-11 6
-14 2
+14 12
+11 2
-44 2
+1 1
+46 3
+4 1
+1 1
+1 1
-1 2
+1 1
+3 3
+1 1
+3 1
-3 1
+7 4
+6 1
cfi=(31) /build/glibc-9tT8Do/glibc-2.23/elf/dl-tls.c
cfn=(146) _dl_next_tls_modid
calls=1 49 
* 8
* 2
+1 1
+59 4
+1 6
+1 2
-6 4
+1 2
+8 6
1019 2
1207 2
1019 2
1207 2
+10 6
fi=(37) /build/glibc-9tT8Do/glibc-2.23/elf/./dl-map-segments.h
56 4
fe=(22)
1217 6
fi=(37)
56 2
fe=(22)
1217 2
fi=(37)
56 2
fe=(22)
1217 4
fi=(37)
56 12
cfi=(26)
cfn=(72)
calls=2 -23 
* 70
+4 2
-4 2
+4 4
+3 4
+1 2
+2 2
-2 2
-1 2
+3 2
+10 4
fi=(39) /build/glibc-9tT8Do/glibc-2.23/elf/./dl-load.h
+14 8
+1 6
+2 8
fi=(37)
+7 16
+6 2
+2 2
-2 2
+1 2
+2 2
-1 2
+1 2
-1 6
+8 4
+17 4
+12 4
-59 20
+2 4
+2 2
-2 4
+2 20
cfi=(26)
cfn=(72)
calls=2 -57 
* 62
* 6
fe=(22)
1229 8
+9 4
fi=(3) /build/glibc-9tT8Do/glibc-2.23/elf/get-dynamic-info.h
39 2
fe=(22)
1238 2
fi=(3)
39 2
+6 2
-2 2
+2 4
+15 2
+5 2
+3 2
-1 2
-3 2
-3 36
+10 8
-26 24
+16 35
+10 35
-26 105
+26 2
-26 6
+2 90
+13 40
+2 8
+3 8
+13 4
+20 7
+1 8
+1 8
+1 8
+2 8
+5 8
+1 7
+1 8
+6 6
+5 4
+7 4
+1 6
+16 6
+5 1
+2 1
-2 1
+2 1
+2 2
+2 2
+3 6
+10 1
-8 4
+8 1
+5 2
+3 4
fe=(22)
1245 4
+15 6
+19 4
+2 10
+54 6
+1 2
+3 2
cfi=(24)
cfn=(130)
calls=1 84 
* 5
* 2
cfi=(24)
cfn=(130)
calls=1 84 
* 5
* 4
+9 4
+2 6
+2 2
-2 2
+2 2
+16 4
cfi=(6)
cfn=(10) _dl_setup_hash
calls=2 956 
* 46
+4 4
+1 4
+17 4
+9 2
-5 6
+5 2
+10 4
+10 6
cfi=(15)
cfn=(48)
calls=2 32 
* 82
+4 8
fi=(3)
68 8
+2 10
fe=(22)
1391 2
fi=(37)
119 4
+8 16
cfi=(27)
cfn=(74)
calls=2 -74 
* 283
* 8
-54 8
-1 12
cfi=(38)
cfn=(124)
calls=2 +12 
* 10
* 2
fi=(39)
+22 5
+1 11
+3 4
fi=(37)
+39 9
cfi=(26)
cfn=(72)
calls=1 33 
* 31
+3 3
fe=(22)
1233 2

fn=(64) _dl_init_paths
661 1
+13 2
-13 8
+13 3
cfi=(23) /build/glibc-9tT8Do/glibc-2.23/elf/dl-hwcaps.c
cfn=(66) _dl_important_hwcaps
calls=1 39 
* 398
+5 1
-5 1
+5 1
cfi=(17)
cfn=(40)
calls=1 94 
* 29
* 1
+1 1
-2 1
+2 2
+8 1
-1 1
+1 2
-1 1
+1 1
-1 3
+5 1
-5 1
+5 1
cfi=(17)
cfn=(40)
calls=1 94 
* 80
* 1
+2 1
-3 1
+3 1
+17 1
+12 1
-9 2
+6 1
-19 1
+10 1
+12 1
-11 1
+2 1
+1 4
-15 1
+23 4
-3 21
cfi=(27)
cfn=(74)
calls=4 53 
* 60
* 4
+3 27
-14 3
+2 3
+1 3
+2 6
-3 3
+4 9
+4 3
-3 3
+3 3
+1 3
-4 9
+4 3
+10 1
+4 1
-11 1
+6 1
+6 1
-12 1
+12 1
+2 4
+2 3
+38 5
+8 3
cfi=(28) /build/glibc-9tT8Do/glibc-2.23/string/../sysdeps/x86_64/multiarch/../strchr.S
cfn=(76) index
calls=1 24 
* 23
* 2
+2 2
cfi=(11)
cfn=(22)
calls=1 66 
* 16
* 8
cfi=(18)
cfn=(46)
calls=1 61 
* 31
* 1
+4 6
+17 1
-4 4
-13 52
+17 13
-4 53
+8 1
cfi=(17)
cfn=(40)
calls=1 94 
* 29
* 1
+1 1
-2 1
+2 1
+6 9
cfn=(78) fillin_rpath
calls=1 433 
* 605
+4 5
+6 1
+4 8
-75 1
-2 1
+2 2
+14 2

fn=(136) open_path
2018 8
+1 1
+6 1
-6 1
+6 1
+5 9
+52 1
-59 1
-1 1
+60 1
-52 8
+74 4
-62 1
-9 1
+9 1
+7 4
cfi=(25)
cfn=(70)
calls=1 61 
* 31
+1 1
-1 1
+1 5
+20 8
-20 15
+3 8
+5 8
-1 4
+1 8
-1 12
cfi=(25)
cfn=(70)
calls=4 61 
* 85
* 16
cfi=(25)
cfn=(70)
calls=4 61 
* 92
-1 4
+7 4
-7 4
+7 4
+3 36
cfn=(108) open_verify.constprop.7
calls=4 1695 
* 176
* 4
+2 20
+67 7
+7 1
-2 1
+2 3
+3 3
+14 1
-27 1
+27 7
-84 8
+1 36
+6 4
+2 4
-2 4
+2 8
-2 4
+2 4
cfi=(41) /build/glibc-9tT8Do/glibc-2.23/io/../sysdeps/unix/sysv/linux/wordsize-64/xstat.c
cfn=(138) _xstat
calls=4 34 
* 49
* 8
+1 1
+2 1
-2 1
+2 7
+7 3
-7 3
+7 9
-30 3
+23 6

fn=(108)
1695 66
+39 6
-39 18
+39 22
+31 24
cfi=(24)
cfn=(110)
calls=6 84 
* 46
+2 6
-2 6
+2 8
+10 2
+1 4
+5 16
cfi=(24)
cfn=(112) read
calls=2 84 
* 10
+2 4
+2 2
+2 2
-2 4
+2 2
+6 4
+16 8
cfi=(14) /build/glibc-9tT8Do/glibc-2.23/string/../sysdeps/x86_64/multiarch/../memcmp.S
cfn=(30) bcmp
calls=2 24 
* 57
* 18
cfi=(14)
cfn=(30)
calls=2 24 
* 72
* 4
+74 4
+5 4
+2 8
+6 4
+11 4
+6 2
+1 2
-1 8
+1 2
-1 2
+1 4
+1 6
+20 106
+2 36
+4 8
+1 6
+12 14
+4 6
+5 1
+1 1
-13 4
cfi=(14)
cfn=(30)
calls=1 24 
* 25
* 8
cfi=(14)
cfn=(30)
calls=2 24 
* 60
* 6
+16 2
+3 7
+3 3
+1 5
-39 2
+67 20
-23 4
+23 28
1804 2
+7 4
cfi=(14)
cfn=(30)
calls=1 24 
* 24
* 2

fn=(78)
433 8
+2 1
-2 9
+5 1
cfi=(17)
cfn=(80)
calls=1 -84 
* 238
* 4
-66 3
cfi=(28)
cfn=(76)
calls=1 24 
* 23
* 2
+4 2
cfi=(29) /build/glibc-9tT8Do/glibc-2.23/string/strdup.c
cfn=(82) strdup
calls=1 40 
* 94
* 1
+68 2
cfi=(11)
cfn=(22)
calls=1 66 
* 16
+4 1
-4 1
+4 1
+22 15
+1 8
+55 2
+2 2
cob=(2)
cfi=(16)
cfn=(84)
calls=1 0 
* 7
* 2
-90 1
cfi=(17)
cfn=(80)
calls=1 -84 
* 6
* 3
+94 1
+3 9
-46 2
+4 2
-1 4
cfi=(17)
cfn=(40)
calls=1 94 
* 29
* 1
+3 1
-3 1
+3 2
+5 1
+1 2
-2 1
+2 1
cfi=(25)
cfn=(70)
calls=1 61 
* 31
+3 1
-3 1
+1 1
+2 1
+6 2
+1 1
-1 2
+1 13
+1 11
-1 2
+3 2
+1 3
+7 1
+1 1
-1 2
-67 6
+8 1
-3 3
+3 2
+26 2
-34 2
+65 2
-9 2

fn=(104) _dl_map_object
2167 21
+8 3
-8 6
+8 3
+1 12
+3 42
+5 49
+2 21
cfi=(34)
cfn=(106)
calls=7 288 
* 1016
* 14
+4 12
+1 18
+3 2
+2 8
cfi=(19)
cfn=(54)
calls=2 144 
* 68
* 4
2478 24
2213 10
+9 2
-53 2
+53 4
+36 4
-2 2
+2 2
cfi=(28)
cfn=(76)
calls=2 24 
* 46
* 4
2409 2
372 3
cfi=(28)
cfn=(76)
calls=1 24 
* 47
* 2
+4 2
cfi=(29)
cfn=(82)
calls=1 40 
* 128
2410 1
-3 1
+3 2
+4 9
cfn=(108)
calls=1 1695 
* 299
+3 1
-3 1
+3 3
+12 3
+46 1
+1 3
-1 1
+1 9
cfn=(114)
calls=1 871 
* 1444
-1 1
+1 3
-1 1
+1 9
cfn=(114)
calls=1 871 
* 1736
* 6
2262 2
cfi=(11)
cfn=(22)
calls=1 66 
* 16
* 1
+2 1
-2 1
+2 1
+7 4
+35 2
+1 14
cfn=(136)
calls=1 2018 
* 777
+6 2
-6 1
+6 3
638 1
2314 1
638 2
2401 2
+28 3
+2 4
2275 1
+5 1
-5 1
+5 1
+3 2
-3 1
+3 7
-3 3
638 1
2281 1
638 2
2336 1
-14 1
+14 1
+2 3
+4 2
cfi=(42) /build/glibc-9tT8Do/glibc-2.23/elf/dl-cache.c
cfn=(140) _dl_load_cache_lookup
calls=1 185 
* 1683
+2 1
-2 1
+2 1
+4 2
+8 3
+23 10
cfn=(108)
calls=1 1695 
* 370
+4 1
-4 1
+4 3
+1 2
-89 3
+1 8
638 1
2297 1
638 2

fl=(29)
fn=(82)
40 12
+1 3
cfi=(11)
cfn=(22)
calls=3 +25 
* 84
* 3
+1 6
cfi=(17)
cfn=(40)
calls=3 +52 
* 87
* 3
+2 6
+4 3
-1 6
+1 6
-1 6
cfi=(18)
cfn=(46)
calls=3 +14 
* 106

fl=(18)
fn=(46)
61 14
+2 14
+2 14
+3 12
+1 12
+2 5
+1 5
+2 5
+1 5
+5 5
+1 5
-1 7
+1 7
+2 3
+1 3
+2 3
+1 6
+5 3
+1 3
-1 9
+1 9
+2 3
+1 3
+2 3
+1 3
+5 3
+1 3
-1 9
+1 9
+2 7
+1 7
+2 7
+1 7
+5 7
+1 7
-1 5
+1 10
+5 5
+1 5
+1 5
+1 5
+2 5
+2 5
+1 5
+2 5
+8 12
+8 6
+6 6
+2 6
+1 6
+3 2
+1 6
+5 2
+1 2
+2 2
+2 2
+1 2
+2 2
-8 8
+1 8
+2 8
+2 8
+1 8
+2 12
+9 2
+1 2
-1 4
+1 4
+3 6
+1 6
+1 6
+5 5
+2 5
+1 5
+1 5
+1 5
+2 5
+1 5
+1 5
+1 5
+2 5
+1 5
+2 5
+22 6
+6 6
+1 6
+2 2

fl=(33) /build/glibc-9tT8Do/glibc-2.23/setjmp/../sysdeps/x86_64/setjmp.S
fn=(100) __sigsetjmp
26 3
+9 3
+1 6
+1 3
+4 3
+1 3
+1 3
+1 3
+1 3
+2 6
+2 3
+1 3
+1 3
+2 6
+2 3
+4 3
+1 3

fl=(14)
fn=(30)
24 13
+1 13
+1 13
+1 13
+1 13
+1 13
+1 13
+1 13
+3 13
+1 13
+1 5
+1 5
+1 5
+1 5
+1 5
+1 5
+1 5
+2 12
+1 12
+1 4
+1 4
+1 4
+1 4
+1 4
+1 4
+1 4
+2 12
+1 12
+1 5
+1 5
+1 5
+1 5
+1 2
+1 2
+1 2
+2 9
+1 9
+1 5
+1 5
+1 5
+1 5
+5 4
+1 4
+1 4
+1 4
+1 4
+1 4
+1 4
+1 2
+1 2
+1 2
+1 2
+1 2
+7 2
+2 3
+4 8
+1 8
+1 1
+1 1
+1 1
+1 1
+1 1
+1 1
+1 1
+1 1
+1 1
+1 1
+1 1
+4 9
+1 9

fl=(41)
fn=(138)
34 4
-1 4
+1 4
+1 24
+4 1
-4 12

fl=(23)
fn=(66)
39 6
+3 1
-3 2
+3 1
-1 1
+1 1
+9 1
-12 4
+12 2
+10 4
162 2
-47 3
cfi=(24)
cfn=(68) access
calls=1 -31 
* 9
* 2
+55 3
+2 2
+1 5
+4 2
+4 1
-4 1
+1 1
+3 1
+3 1
+1 1
-1 1
+4 3
+1 1
-1 9
+1 1
+18 10
+1 2
-1 1
+1 3
cfi=(17)
cfn=(40)
calls=1 94 
* 29
* 1
+1 1
-1 1
+1 5
+29 1
+3 1
-3 2
+3 1
+23 7
+6 2
-1 2
+1 6
-1 8
+5 6
+3 1
-3 1
+3 1
-3 3
+3 1
-3 1
+3 5
+1 12
+1 4
-1 4
+1 8
-2 4
+1 8
-1 14
+4 4
+4 1
-1 1
+2 1
-2 1
+1 1
+1 1
-2 1
+2 10
+13 2
+1 1
-1 1
+3 2
-3 2
+1 1
-1 1
+3 2
+3 4
+3 1
-1 1
+1 9
113 1
+17 1
+1 1
-1 9
243 6
cfi=(25)
cfn=(70)
calls=1 61 
* 22
* 4
cfi=(25)
cfn=(70)
calls=1 61 
* 18
+1 4
cfi=(25)
cfn=(70)
calls=1 61 
* 22
* 4
cfi=(25)
cfn=(70)
calls=1 61 
* 18
* 12

fl=(42)
fn=(140)
185 9
+8 2
+3 3
+51 2
+9 1
+6 2
-6 4
+6 1
cfi=(24)
cfn=(68)
calls=1 84 
* 9
+19 1
-19 1
+19 162
cfn=(144) _dl_cache_libcmp
calls=10 138 
* 699
* 45
-15 4
+15 23
cfn=(144)
calls=1 138 
* 71
* 5
cfn=(144)
calls=1 138 
* 144
* 9
-82 4
cfi=(34)
cfn=(142)
calls=1 45 
* 94
+8 1
-8 1
+8 4
+1 4
cfi=(14)
cfn=(30)
calls=1 24 
* 38
* 2
+7 1
-3 1
+3 3
+3 1
+1 2
-1 1
+1 1
+1 4
cfi=(14)
cfn=(30)
calls=1 24 
* 32
* 2
+61 21
+16 2
+4 2
+8 3
cfi=(11)
cfn=(22)
calls=1 66 
* 34
* 2
+1 1
-1 4
+1 2
cfi=(18)
cfn=(46)
calls=1 61 
* 91
+1 2
cfi=(29)
cfn=(82)
calls=1 40 
* 109
+1 8
-31 9

fn=(204) _dl_unload_cache
322 4
-1 1
+3 2
cfi=(38)
cfn=(206)
calls=1 84 
* 5
+1 1
+2 2

fn=(144)
138 36
+1 28
+2 124
+2 62
-2 62
+2 4
+6 2
+2 2
-1 2
-1 2
+1 2
+1 8
+2 10
+2 4
+6 120
+2 220
+4 50
+1 50
-29 100
+32 6
-7 20

fl=(40) /build/glibc-9tT8Do/glibc-2.23/elf/dl-deps.c
fn=(132) _dl_map_object_deps
161 1
-1 1
+1 1
-1 4
+1 1
-1 2
+1 1
-1 2
+1 1
-1 2
+1 3
-15 1
+15 1
-17 1
+1 1
+1 1
+6 4
+26 1
-26 1
+26 7
-34 1
+2 1
+33 2
-33 1
-2 1
+2 2
-2 1
+1 1
+1 1
+6 3
+26 1
-26 1
+26 5
+4 1
+21 1
+1 1
-22 2
+19 1
-12 1
+15 1
-16 2
+13 1
317 9
217 1
-4 1
-4 1
+8 4
-4 3
-4 3
+8 3
+12 8
+2 2
+11 2
-5 2
-6 4
+5 2
+2 4
+1 4
+3 14
+50 6
+1 3
-51 192
+1 96
+6 10
cfi=(28)
cfn=(76)
calls=2 24 
* 70
* 4
+5 10
-3 2
+3 2
cfi=(32) /build/glibc-9tT8Do/glibc-2.23/elf/dl-error.c
cfn=(96) _dl_catch_error
calls=2 -91 
* 5877
+2 6
+15 2
+2 4
+5 2
+6 2
+2 2
-8 4
+3 2
+1 2
+1 2
+1 2
+4 12
+7 138
459 12
+2 6
+2 6
cfi=(17)
cfn=(40)
calls=2 94 
* 58
* 2
+2 2
-2 2
+2 2
+4 8
-1 2
+1 2
cfi=(18)
cfn=(46)
calls=2 61 
* 41
+1 10
cfi=(18)
cfn=(46)
calls=2 61 
* 41
+4 2
-1 2
+5 22
+7 6
+1 1
+3 5
+10 4
cfi=(17)
cfn=(40)
calls=1 94 
* 29
* 1
+3 1
-3 1
+3 1
+5 6
+1 1
-1 3
+1 2
+8 2
+4 3
-4 1
-6 3
-2 3
+8 6
+4 9
-4 3
-6 9
+13 3
+51 3
+2 3
+42 1
-4 1
+5 2
-1 4
+1 2
cfi=(27)
cfn=(74)
calls=1 53 
* 15
* 1
-2 9
+7 1
-1 1
+1 1
-1 2
+7 1
-7 1
+7 2
-13 2
+7 2
-1 2
+1 2
-1 4
+7 2
-7 2
+7 6
+2 8
+1 4
-1 4
+1 3
+2 9
+1 6
+28 18
cfi=(27)
cfn=(74)
calls=2 53 
* 37
* 10
-6 3
-28 6
+31 10
-6 2
+16 2
+2 1
+1 1
-1 1
+2 3
+7 3
+3 3
+3 8
481 9
-1 4
+1 9
202 2
+27 8
-19 4
+8 25
+2 2
+2 8
+2 30
338 6
611 8
cfi=(18)
cfn=(46)
calls=1 61 
* 28
+2 1
-38 1
+38 1
209 2

fn=(134) openaux
60 4
+7 2
-4 22
cfi=(22)
cfn=(104)
calls=2 2167 
* 5719
* 2
+5 4

fl=(19)
fn=(54)
144 184
+1 184
+2 184
+1 184
+21 184
+1 184
+1 144
+1 144
+1 123
+1 123
+1 123
+1 123
+21 123
+1 123
+1 123
+1 123
+1 123
+1 123
+1 123
+5 4
+1 4
+9 4
+1 4
+1 4
+1 4
+1 4
+1 4
+1 4
+1 4
-7 61
+1 61
+1 61
+1 61
+1 61
+1 61
+1 61
+1 61
+1 64
+1 56
+1 56
+1 56
+2 56
+1 56
+1 56
+1 56
+1 56
+1 56
-5 8
+1 8
+1 8
+1 8
+1 8
+1 8
+10 1
+1 1
+1 1
+2 1
+6 1
+1 1
+1 1
+1 1
+1 1
+5 1
1196 4
+1 4
+1 4
+1 4
+1 4
+2 4
+1 4
+1 4
+1 4
+1 4
+1 4
+1 4
1321 19
+1 19
+1 19
+1 19
+1 19
+2 19
+1 19
+1 19
+1 19
+1 19
+1 19
+1 19
+1 1
+4 1
+1 1
+1 1
+6 1
+1 1
+1 2
+4 1
+1 1
+3 1
+1 1
+1 1
+3 1
+1 1
+1 1
+6 1
+1 1
+1 1
+1 1
+1 1
+1 1
1571 1
+1 1
+1 1
+1 1
+1 1
+2 1
+1 1
+1 1
+1 1
+1 1
+1 1
+1 1
1696 1
+1 1
+1 1
+1 1
+1 1
+2 1
+1 1
+1 1
+1 1
+1 1
+1 1
+1 1
1821 5
+1 5
+1 5
+1 5
+1 5
+2 5
+1 5
+1 5
+1 5
+1 5
+1 5
+1 5
+1 3
+4 3
+1 3
+1 3
+6 3
+1 3
+1 6
+4 3
+1 3
+3 3
+1 3
+1 3
+3 3
+1 3
+1 3
+6 3
+1 3
+1 3
+1 3
+1 3
+1 3
+72 1
+1 1
+1 1
+1 1
+1 1
+2 1
+1 1
+1 1
+1 1
+1 1
+1 1
+1 1
+1 1
+4 1
+1 1
+1 1
+6 1
+1 1
+1 2
+4 1
+1 1
+3 1
+1 1
+1 1
+3 1
+1 1
+1 1
+6 1
+1 1
+1 1
+1 1
+1 1
+1 1
+72 33
+1 33
+1 33
+1 33
+1 33
+2 33
+1 33
+1 33
+1 33
+1 33
+1 33
+1 33
+2 2
+4 2
+1 2
+1 2
+6 2
+1 2
+2 4
+4 2
+1 2
+3 2
+1 2
+1 2
+3 2
+1 2
+1 2
+6 2
+1 2
+1 2
+1 2
+1 2
+1 2
+74 7
+2 7
+1 7
+1 7
+1 7
-3 58
+1 58
+1 58
+1 58
+1 168
+5 56
+6 56
+1 56
+8 56
+1 56
-16 128
+6 128
+1 128
+8 128
+1 128

fl=(24)
fn=(130)
84 12
+1 3

fn=(68)
84 12
+2 15

fn=(112)
84 8
+1 2

fn=(110)
84 28
+1 3
+1 20

fl=(26)
fn=(72)
33 9
-1 90
+1 23
+1 90
+2 63
-3 20

fl=(9)
fn=(60) _dl_discover_osversion
45 7
+2 3
+85 8
-45 3
cfi=(21) /build/glibc-9tT8Do/glibc-2.23/posix/../sysdeps/unix/syscall-template.S
cfn=(62) uname
calls=1 -3 
* 5
* 1
+15 1
-15 1
+20 1
-1 1
+3 12
+4 3
-2 6
+2 9
+7 3
-1 3
+4 3
-2 3
+2 10
+5 2

fl=(12)
fn=(24)
34 4
+8 6
+4 2
+16 5

fl=(28)
fn=(76)
24 7
+1 7
+1 7
+1 7
+1 7
+1 7
+1 7
+1 7
+1 7
+1 7
+1 7
+1 7
+1 7
+1 7
+1 7
+1 7
+1 7
+1 5
+4 5
+1 5
+1 5
+1 5
+2 5
+4 2
+1 2
+1 2
+1 2
+1 2
+1 2
+1 2
+1 2
+1 2
+1 2
+1 2
+1 2
+1 2
+1 2
+1 2
+1 2
+1 2
+1 2
+1 2
+1 2
+1 2
+1 2
+1 2
+1 2
+52 2
+4 2
+1 2
+1 2
+1 2
+2 2

fl=(13) /build/glibc-9tT8Do/glibc-2.23/elf/dl-environ.c
fn=(28) _dl_next_ld_env_entry
30 3
+3 10
+13 66
-13 198
+2 136
+1 36
+5 2
-3 2
+3 2
+2 2
-12 1
+19 1

fl=(2)
fn=(50)
688 10

fn=(102) map_doit
480 1
+2 1
-2 1
+3 8
cfi=(22)
cfn=(104)
calls=1 2167 
* 2358
* 1
+2 2

fn=(98) _dl_initial_error_catch_tsd
648 8

fn=(158) init_tls
573 1
+6 1
-6 1
+2 2
+4 1
+10 4
cfi=(17)
cfn=(36)
calls=1 103 
* 38
* 1
+11 1
-5 1
-7 1
+6 1
+2 1
-1 1
+5 1
+2 1
-1 1
+1 10
+2 8
+4 1
+2 1
-2 2
-5 8
+9 3
+3 1
cfi=(31)
cfn=(160) _dl_determine_tlsoffset
calls=1 138 
* 71
+7 1
cfi=(31)
cfn=(162) _dl_allocate_tls_storage
calls=1 354 
* 439
+1 1
-1 1
+1 1
+6 1
+3 1
-3 1
+3 6
+3 1
+2 1
+1 2

fn=(52)
694 10

fn=(150) version_check_doit
513 2
+2 4
cfi=(43) /build/glibc-9tT8Do/glibc-2.23/elf/dl-version.c
cfn=(152) _dl_check_all_versions
calls=1 380 
* 2790
* 2
+4 2

fn=(26)
738 1
+19 1
-19 7
2353 1
738 3
+19 1
+3 1
-22 1
2348 1
760 1
+4 2
+1 2
+5 2
2346 2
+7 4
-4 1
+4 8
+2 2
cfi=(13)
cfn=(28)
calls=1 30 
* 54
* 4
cfi=(13)
cfn=(28)
calls=2 30 
* 405
* 9
+4 50
+1 19
-1 57
+3 4
+6 14
2514 3
+30 3
780 3
981 7
cfi=(15)
cfn=(32)
calls=1 61 
* 250
+2 1
-2 1
+2 1
+1 1
+1 1
+5 2
-5 1
+1 2
+4 1
cfi=(15)
cfn=(48)
calls=1 32 
* 33
+1 3
747 1
1020 1
-3 1
-5 1
+1 1
+2 1
+5 7
+56 5
-55 24
-1 27
+1 47
1123 5
+3 2
+2 2
+2 3
+13 3
+1 6
cfi=(19)
cfn=(54)
calls=1 144 
* 44
* 2
+7 1
+3 1
-5 1
+3 1
+2 1
+1 2
+4 2
+2 2
fi=(3)
30 1
+9 2
+6 1
-2 1
+2 2
+15 1
+5 1
+3 1
+2 1
-3 1
-3 1
-3 14
+10 3
-26 9
+16 19
+10 19
-26 57
+26 1
-26 3
+2 46
+13 16
+2 4
+16 3
+38 3
+5 2
+7 2
+1 3
+16 3
+14 3
+18 2
fe=(2)
1166 2
cfi=(6)
cfn=(10)
calls=1 956 
* 23
+3 2
fi=(20) /build/glibc-9tT8Do/glibc-2.23/elf/setup-vdso.h
24 2
fe=(2)
1191 1
cfi=(9)
cfn=(60)
calls=1 45 
* 85
* 8
-75 2
+1 2
+1 1
-6 2
+1 1
-88 3
+1 1
+50 2
-1 8
+2 4
+1 1
+3 2
+1 2
-1 2
+1 2
+1 2
+1 6
+1 2
-43 1
-2 2
+27 1
-25 2
+7 1
-10 1
+10 1
-19 3
+1 1
fi=(3)
65 4
+3 4
+2 4
fe=(2)
2442 4
cfi=(14)
cfn=(30)
calls=1 24 
* 31
* 2
+2 3
-55 4
cfi=(14)
cfn=(30)
calls=1 24 
* 18
* 2
+7 4
cfi=(14)
cfn=(30)
calls=1 24 
* 36
* 2
+2 3
1185 3
+11 2
cfi=(22)
cfn=(64)
calls=1 661 
* 1629
+3 3
cfi=(30)
cfn=(88)
calls=1 50 
* 17
+7 1
-7 1
+2 1
+5 1
+3 3
+1 1
+3 1
-3 3
+1 2
+3 1
+5 1
-7 1
+7 1
+1 5
+17 2
+1 2
+5 1
-3 4
+2 2
+1 3
+5 3
+1 5
+2 2
+1 2
+5 2
+5 1
753 1
1262 2
1439 1
cfi=(31)
cfn=(90) _dl_count_modids
calls=1 115 
* 4
* 1
+8 3
+3 1
+4 3
+5 1
+1 1
cfi=(30)
cfn=(92) _dl_debug_state
calls=1 74 
* 1
+1 1
+4 3
+15 3
+4 1
-2 1
+2 2
+31 3
cfi=(24)
cfn=(68)
calls=1 84 
* 9
* 2
+77 1
1481 1
1592 3
+17 3
+1 1
-1 1
+1 2
-1 1
+1 5
cfi=(40)
cfn=(132)
calls=1 161 
* 7273
+1 1
+2 2
+3 1
-3 3
+3 1
-3 1
+3 3
+1 4
-1 2
+1 12
-1 6
+4 3
+1 3
+1 1
+2 2
+1 6
-1 5
+1 5
-1 3
-28 5
+1 1
-1 3
+4 3
+1 1
+1 2
+1 3
+34 1
+1 2
-1 1
+1 1
+2 1
+2 3
+2 1
-4 1
+5 1
-1 2
+14 2
+1 2
+1 3
+11 1
+2 1
-2 1
+2 2
-1 1
+1 1
-2 3
+2 1
cfi=(32)
cfn=(148) _dl_receive_error
calls=1 205 
* 2830
+10 1
+1 1
-1 1
+1 1
+1 1
cfn=(158)
calls=1 573 
* 619
* 1
+2 2
703 1
+2 3
fi=(105) /build/glibc-9tT8Do/glibc-2.23/elf/../sysdeps/unix/sysv/linux/dl-osinfo.h
77 1
fe=(2)
714 1
+7 1
-5 1
1692 3
1922 3
2092 4
+2 1
+5 3
cfi=(31)
cfn=(200) _dl_allocate_tls_init
calls=1 450 
* 147
+3 2
+9 3
+2 2
+15 1
+2 1
-2 2
+3 1
-3 1
+3 1
-3 1
+3 3
cfi=(44)
cfn=(164)
calls=1 149 
* 3984
+1 1
+2 6
+8 1
cfi=(7)
cfn=(202)
calls=1 256 
* 1
+4 3
+20 3
cfi=(30)
cfn=(88)
calls=1 50 
* 8
+1 1
-1 1
+2 1
cfi=(30)
cfn=(92)
calls=1 74 
* 1
+1 1
+4 1
cfi=(42)
cfn=(204)
calls=1 322 
* 15
+5 8
2043 3
+7 1
+2 3
+19 1
-19 4
+2 1
+2 12
+5 8
+2 8
+6 4
+2 8
+1 24
cfi=(44)
cfn=(164)
calls=3 149 
* 65642
+4 14
-22 10
+25 1
+2 5
+6 1
-6 1
+6 1
-10 2
cfi=(31)
cfn=(198) _dl_add_to_slotinfo
calls=1 890 
* 20
* 1
-12 1
+1 1
-3 2
-85 1
+11 1
-7 1
-4 1
+4 3
+4 2
+3 1
1491 2
cfi=(11)
cfn=(22)
calls=1 66 
* 34
* 8
cfi=(18)
cfn=(46)
calls=1 61 
* 74
* 1
+3 6
+3 3
cfi=(17)
cfn=(80)
calls=1 354 
* 766
* 3
cfi=(17)
cfn=(80)
calls=1 354 
* 6
* 6
+1 2
+1 3
+2 4
cfn=(94) do_preload
calls=1 654 
* 2462
* 2
1635 2
1503 1
+2 6

fn=(2)
337 9
+18 4
fi=(5)
59 1
fe=(2)
355 1
fi=(3)
45 1
fi=(5)
+14 2
fe=(2)
381 1
fi=(3)
45 1
fe=(2)
378 1
fi=(3)
45 1
+25 2
-3 1
-7 1
+5 1
+3 1
+2 1
-3 1
-3 1
-3 2
-13 26
+23 13
-26 39
+26 1
-26 3
+2 36
+13 20
+1 16
+10 4
-26 12
+33 2
+20 4
+1 4
+1 4
+1 4
+2 4
+5 4
+1 4
+1 4
+6 3
+5 2
+7 3
+1 3
+8 3
+2 3
+3 2
+1 2
fe=(2)
392 2
286 1
399 1
286 1
cfi=(6)
cfn=(10)
calls=1 956 
* 23
+1 2
+1 2
+1 2
+1 2
+8 1
+9 1
-9 3
+9 1
-6 1
-3 1
+9 1
cfi=(7)
cfn=(12)
calls=1 86 
* 88399
* 1
+9 1
+3 4
+4 1
-4 1
+4 1
424 9
fi=(3)
62 4
+3 4
fe=(2)
397 26
fi=(4)
84 1
+27 1
-28 1
+28 2
+1 2
fi=(5)
517 2
fi=(4)
112 18
fi=(5)
517 18
+1 20
fi=(4)
111 20
fi=(5)
518 10
fi=(4)
111 10
+5 2
+8 1
fi=(5)
312 1
fi=(4)
124 2
+12 1
+1 3
fi=(5)
266 1
fi=(4)
137 1
fi=(5)
294 1
fi=(4)
137 2
fi=(5)
294 1
fi=(4)
136 5
+1 15
fi=(5)
266 5
fi=(4)
137 5
fi=(5)
294 5
fi=(4)
137 10
fi=(5)
294 5
+9 12
+3 6
-3 12
+3 18
+6 36
fi=(3)
68 4
+2 3
fi=(5)
425 12
fi=(4)
124 19
fe=(2)

fn=(94)
654 4
+12 1
-12 2
+10 1
-4 1
+1 1
+5 4
-10 1
+6 1
+4 1
cfi=(32)
cfn=(96)
calls=1 163 
* 2434
+1 3
+10 3
+4 5

fl=(53)
fn=(212) call_init.part.0
28 20
+8 4
+3 4
-3 8
+3 12
+5 21
+5 4
+9 12
cob=(3)
cfi=(55)
cfn=(226)
calls=1 -6 
* 176
cob=(2)
cfi=(16)
cfn=(214)
calls=1 -58 
* 6
* 2
+4 4
+6 2
+2 4
-2 4
+3 10
+1 8
cob=(3)
cfi=(61)
cfn=(238)
calls=1 482 
* 1161
cob=(4)
cfi=(54)
cfn=(218)
calls=1 -72 
* 17
* 4
cob=(3)
cfi=(63)
cfn=(246)
calls=1 -39 
* 4
* 3
-1 6
+3 24
-29 3
-5 3

fn=(210)
80 11
+1 1
+1 1
+3 3
+8 2
+1 2
+25 15
+1 12
-90 20
cfn=(212)
calls=3 -2 
* 1450
* 3
+96 8
-96 2
+58 2
+16 1
cfn=(212)
calls=1 -76 
* 76
* 1

fl=(32)
fn=(96)
163 6
+15 3
-3 6
+1 6
-13 6
+14 6
+1 3
+2 3
cfi=(2)
cfn=(98)
calls=3 648 
* 6
+2 3
-1 3
+4 3
-3 6
+3 3
-4 3
+4 3
cfi=(33)
cfn=(100)
calls=3 26 
* 60
* 9
+2 9
cfi=(40)
cfn=(134)
calls=2 60 
* 5753
cfi=(2)
cfn=(102)
calls=1 480 
* 2372
+1 6
+2 3
+1 3
-3 3
+1 6
+1 3
+9 3
-8 3
+8 9

fn=(148)
205 10
+1 1
cfi=(2)
cfn=(98)
calls=1 648 
* 2
+5 1
-1 1
-4 1
+9 1
+2 1
-3 1
+3 1
cfi=(2)
cfn=(150)
calls=1 513 
* 2800
+2 1
+1 1
+1 8

fl=(21)
fn=(62)
84 4
+1 1

fl=(66) /build/glibc-9tT8Do/glibc-2.23/elf/../elf/dl-runtime.c
fn=(260) _dl_fixup
66 12
+5 12
-5 6
+3 12
+3 6
-1 12
-3 6
+5 36
+1 6
-1 6
+1 12
+5 12
+4 12
+4 18
+4 6
+1 30
+2 24
+7 12
-1 6
+1 6
+10 54
cfi=(6)
cfn=(170)
calls=6 806 
* 5026
* 6
+4 30
+10 36
+16 6
-8 6
+8 18
+4 18
fi=(5)
+90 6
fe=(66)
-86 18
fi=(73) /build/glibc-9tT8Do/glibc-2.23/elf/../sysdeps/x86_64/dl-irel.h
32 1
cob=(3)
cfi=(74)
cfn=(298)
calls=1 -4 
* 8
* 1
fe=(66)

fl=(10)
fn=(18)
31 7
+8 1
-6 2
+7 1

fl=(31)
fn=(162)
354 3
+2 1
+11 3
cfi=(17)
cfn=(44)
calls=1 52 
* 76
* 1
+1 2
+7 2
+4 1
-57 1
+57 296
-58 2
+1 2
cfi=(17)
cfn=(36)
calls=1 103 
* 38
* 1
+1 2
+3 1
+6 2
+64 5

fn=(160)
138 7
+6 3
+3 2
+36 3
+2 10
+3 1
-1 1
+5 2
-5 3
+3 3
+2 5
+16 3
+2 2
-2 2
+2 2
+10 1
-37 2
+25 1
-25 4
+40 4
+1 1
+51 1
+1 8

fn=(198)
890 3
+9 1
-9 1
+6 2
+8 5
+41 1
+1 3
+1 4

fn=(200)
450 2
-1 7
+5 1
+6 3
-6 1
+6 1
-4 1
+16 1
-15 3
+20 6
+6 16
+3 1
+1 2
+6 3
+3 1
-2 2
+2 4
+1 1
+3 1
-1 3
+4 2
+1 4
+2 2
+9 6
cfi=(25)
cfn=(70)
calls=1 61 
* 23
* 4
cfi=(27)
cfn=(74)
calls=1 53 
* 30
* 2
-38 3
+52 2
+2 1
+1 8

fn=(90)
115 2
+1 2

fn=(146)
49 1
+3 4
+48 1
+4 2

fl=(65)
fn=(258) _dl_runtime_resolve_avx
64 1
+3 1
+2 1
+2 1
+3 1
+1 1
+1 1
+1 1
+1 1
+1 1
+1 1
+1 1
+1 1
+1 1
+1 1
+1 1
+1 1
+1 1
+1 1
+5 1
+1 1
+1 1
+1 1
+14 1
+1 1
+1 1
cfi=(66)
cfn=(260)
calls=1 -46 
* 967
+1 1
+5 1
+1 1
+1 1
+1 1
+13 1
+1 1
+1 1
+1 1
+1 1
+1 1
+1 1
+1 1
+1 1
+1 1
+1 1
+1 1
+1 1
+1 1
+1 1
+2 1
+2 1
+4 1
+3 1
cob=(3)
cfi=(67)
cfn=(264)
calls=1 -25 
* 116385128

fn=(259)
64 5
+3 5
+2 5
+2 5
+3 5
+1 5
+1 5
+1 5
+1 5
+1 5
+1 5
+1 5
+1 5
+1 5
+1 5
+1 5
+1 5
+1 5
+1 5
+5 5
+1 5
+1 5
+1 5
+14 5
+1 5
+1 5
cfi=(66)
cfn=(260)
calls=5 -46 
* 4519
+1 5
+5 5
+1 5
+1 5
+1 5
+13 5
+1 5
+1 5
+1 5
+1 5
+1 5
+1 5
+1 5
+1 5
+1 5
+1 5
+1 5
+1 5
+1 5
+1 5
+2 5
+2 5
+4 5
+3 5
cob=(3)
cfi=(98)
cfn=(392)
calls=1 55 
* 15
cob=(3)
cfi=(96)
cfn=(382)
calls=1 25 
* 180
cfi=(90) /build/glibc-9tT8Do/glibc-2.23/elf/dl-open.c
cfn=(348) _dl_find_dso_for_object
calls=1 +23 
* 32
cob=(3)
cfi=(76)
cfn=(306)
calls=1 28 
* 60820
cob=(3)
cfi=(75)
cfn=(300)
calls=1 38 
* 242

fl=(30)
fn=(92)
74 2

fn=(88)
50 8
+5 6
+5 2
-1 1
+1 2
+1 2
-1 1
+4 1
-13 4
+4 8
+4 1
-1 1
-58 4

fl=(27)
fn=(74)
53 13
+1 13
+1 13
+1 13
+1 13
+2 13
+1 13
+1 11
+1 11
+15 2
+1 2
+1 2
+1 2
+1 2
+1 2
+1 2
+1 2
+1 2
+1 2
+1 2
+1 2
+1 2
+1 4
+3 2
+1 2
+1 2
+1 2
+1 2
+1 2
+1 2
-6 34
+1 34
+1 34
+1 34
+1 34
+1 34
+1 34
+1 2
+3 11
+1 11
+1 11
+1 4
+1 4
+1 2
+1 2
+3 2
+1 2
+1 2
+1 2
+2 2
+1 2
+1 2
+2 7
+1 7
+1 7

fl=(36)
fn=(120)
34 3
-1 3
+1 3
+1 18
+4 3

fl=(11)
fn=(22)
66 14
+1 14
+1 14
+1 14
+1 14
+1 14
+1 14
+2 14
+2 14
+30 13
+1 13
+1 13
+1 13
+1 13
+1 6
+1 6
+4 7
+1 7
+1 7
+1 7
+1 7
+1 7
+1 7
+1 7
+1 7
+1 7
+1 7
+1 7
+5 56
+4 1
+1 14
+1 8

fl=(43)
fn=(156) match_symbol
76 44
+9 4
-8 4
-1 8
+1 4
+8 4
+6 12
+15 4
+1 8
+2 4
+5 8
+14 36
+12 42
+4 14
-30 28
+19 20
cfi=(19)
cfn=(54)
calls=4 +11 
* 96
* 8
+35 32

fn=(154) _dl_check_map_versions
189 12
-15 36
+17 4
+3 12
-3 4
+2 4
+1 4
+2 4
-3 4
+3 4
+3 4
+4 2
-4 2
+4 8
+17 2
56 4
220 2
56 10
+1 5
-1 10
+2 21
cfi=(34)
cfn=(106)
calls=7 288 
* 884
* 16
228 6
+5 16
+19 2
-15 62
cfn=(156)
calls=2 76 
* 198
* 8
cfn=(156)
calls=2 76 
* 182
* 4
+7 24
+3 12
+9 12
+14 4
+3 8
+10 28
-7 112
+3 84
-3 8
+3 6
+8 9
+87 8
-81 12
cfi=(17)
cfn=(36)
calls=3 103 
* 165
* 3
+1 3
-2 3
+2 3
+11 3
+2 3
-5 3
+3 3
+2 3
-2 3
+2 3
+3 8
+4 6
+18 2
-15 6
+2 6
-2 6
+2 6
+2 4
+1 4
-1 8
+1 4
-1 4
+1 4
+1 4
-2 4
+2 8
+1 12
+3 12
+8 6
+10 9
+3 8
+20 28
-14 60
-2 28
+7 56
+1 28
-1 84
+1 28
-1 28
+1 28
+1 28
+3 90
+10 27
183 2
-8 2
+95 4
-80 2

fn=(152)
380 5
+4 7
+2 28
cfn=(154)
calls=4 189 
* 2715
-2 4
+2 12
-1 4
-1 8
+5 7

fl=(6)
fn=(174) check_match
92 640
+3 560
+12 480
+3 384
cfi=(19)
cfn=(54)
calls=16 +34 
* 633
* 32
+5 80
-1 80
+1 80
+2 158
+19 158
+1 632
+46 80
-7 80
+7 400
-18 2
+2 1
+1 4
-1 5
-29 237
cfi=(19)
cfn=(54)
calls=79 +6 
* 1896
* 237

fn=(170)
806 946
568 86
806 344
568 430
+1 86
-1 86
+1 258
-1 258
+1 1094
-1 1094
+1 3282
-1 3454
808 86
+4 86
+4 86
-8 86
+1 172
+7 244
+7 86
-2 86
+2 86
-2 86
+6 86
-7 86
+7 172
-7 516
+15 6
-8 30
+2 1204
cfn=(172) do_lookup_x
calls=86 355 
* 31705
+3 258
+26 172
+22 80
+1 560
+31 80
+9 400
+14 240
+3 320
+5 80
+2 688
-85 42
+16 6
+1 12
+59 2

fn=(10)
956 12
+4 4
+4 8
+2 4
-1 4
+3 12
+1 4
+1 4
+3 4
-3 4
+7 4
-4 4
-1 4
+3 4
+2 4
-7 4
+7 4
+1 4

fn=(172)
355 602
+1 86
-1 430
+48 86
-30 86
-11 86
+41 86
+7 172
-7 172
-30 344
+37 344
-44 172
+3 172
-3 368
+3 368
+4 540
+4 540
+4 540
+6 810
+8 270
-4 270
+1 270
+3 540
+1 810
+3 270
+1 540
+2 540
+8 270
-8 270
+8 2700
-99 190
553 1364
+1 50
cfi=(34)
cfn=(106)
calls=25 288 
* 2615
* 75
+3 570
+3 6
+1 688
-92 160
+50 600
+4 30
+12 160
+1 80
+1 160
413 504
+2 168
+2 1092
+13 249
-10 815
+2 160
+1 400
-1 80
+1 560
-1 80
+1 240
cfn=(174)
calls=80 92 
* 6859
+4 240
+34 8
+94 28
439 720

fl=(90)
fn=(348)
182 5
+1 4
+1 12
+1 2
+3 2
+4 1
-9 6

ob=(5)
fl=(72)
fn=(376) Fibonacci
30 5
+1 3
+2 4
+2 2
+2 16000
+1 20000
+1 10000
-4 3002
+7 7
cob=(3)
cfi=(76)
cfn=(306)
calls=1 -14 
* 773
* 1
+2 2
+2 10001
+1 2010
cob=(3)
cfi=(76)
cfn=(306)
calls=1 -19 
* 490
* 1
-3 3002
+6 2
cob=(1)
cfi=(65)
cfn=(259)
calls=1 +14 
* 1070
* 5
+2 5
cfn=(377) Fibonacci'2
calls=1 -22 
* 116250972
+3 3

fn=(377)
30 4990
+1 2994
+2 3988
+2 1994
+2 15952000
+1 19940000
+1 9970000
-4 2992994
+7 6979
cob=(3)
cfi=(76)
cfn=(306)
calls=997 -14 
* 792912
* 997
+2 1994
+2 9142661
+1 3039390
cob=(3)
cfi=(76)
cfn=(306)
calls=104539 -19 
* 51109116
* 104539
-3 2992994
+6 1994
cob=(3)
cfi=(96)
cfn=(382)
calls=997 -25 
* 179460
* 997
+2 4985
cfn=(377)
calls=997 -22 
* 66383973031
+3 2994

fn=(290)
11 6
+4 5
cob=(1)
cfi=(65)
cfn=(259)
calls=1 +49 
* 1134
* 5
+1 5
cob=(3)
cfi=(75)
cfn=(300)
calls=1 +22 
* 242
* 1
+1 2
+2 8
cob=(1)
cfi=(65)
cfn=(259)
calls=1 +45 
* 61759
* 5
+1 8
cob=(3)
cfi=(76)
cfn=(306)
calls=1 +8 
* 1303
* 1
+2 5
cfn=(376)
calls=1 +8 
* 116317360
+2 1
cob=(1)
cfi=(65)
cfn=(259)
calls=1 +40 
* 905
* 5
* 4
cob=(3)
cfi=(76)
cfn=(306)
calls=1 +4 
* 1256
* 1
+2 1
+1 5

fl=(64)
fn=(406) 0x00000000004005a0
0 8

fn=(402)
0 5
cfn=(406)
calls=1 0 
0 8
0 3

fn=(276) 0x0000000000400640
0 16

fn=(250)
0 11
cob=(1)
cfi=(65)
cfn=(258)
calls=1 64 
0 116386145
0 5

fn=(270)
0 15
cob=(2)
cfi=(16)
cfn=(272)
calls=1 0 
0 6
0 8
cfn=(276)
calls=1 0 
0 16
0 11

totals: 116476837
